4 0.36328125 0.209375 0.19140625 0.2015625
4 0.628125 0.1921875 0.215625 0.22890625
4 0.88203125 0.19296875 0.20546875 0.21796875
4 0.87421875 0.52578125 0.20546875 0.23671875
4 0.63046875 0.53671875 0.19609375 0.21640625
4 0.375 0.53046875 0.2140625 0.23359375
4 0.11796875 0.55 0.19296875 0.20546875
4 0.08984375 0.884375 0.15234375 0.21171875
4 0.37109375 0.884375 0.21328125 0.2078125
4 0.1171875 0.1953125 0.19453125 0.2296875
4 0.88515625 0.86796875 0.21484375 0.215625
4 0.59921875 0.8609375 0.15703125 0.23828125