0 0.31640625 0.08515625 0.2671875 0.1703125
3 0.09140625 0.31015625 0.1828125 0.27890625
4 0.09140625 0.4125 0.1828125 0.07421875
0 0.31640625 0.31015625 0.2671875 0.27890625
1 0.7140625 0.225 0.52890625 0.44921875
1 0.0203125 0.640625 0.040625 0.38203125
1 0.125 0.6453125 0.15390625 0.30078125
1 0.32578125 0.640625 0.24765625 0.38203125
4 0.34140625 0.6578125 0.165625 0.259375
2 0.32578125 0.915625 0.24765625 0.16796875
2 0.50234375 0.7171875 0.10546875 0.17578125
2 0.78359375 0.81640625 0.25234375 0.22578125