3 0.08515625 0.06953125 0.1515625 0.1390625
3 0.225 0.12734375 0.1609375 0.2546875
3 0.26875 0.07421875 0.071875 0.1484375
3 0.24609375 0.26328125 0.11796875 0.1515625
1 0.49765625 0.1140625 0.384375 0.228125
1 0.84453125 0.16953125 0.3109375 0.3390625
4 0.796875 0.14453125 0.10078125 0.18046875
4 0.9109375 0.24609375 0.08203125 0.1078125
4 0.86328125 0.05546875 0.1390625 0.1109375
0 0.33671875 0.66953125 0.6734375 0.6609375
4 0.28984375 0.65859375 0.14921875 0.2671875
4 0.771875 0.8109375 0.1078125 0.178125
3 0.84453125 0.6828125 0.3109375 0.634375