2 0.25390625 0.28515625 0.1078125 0.38671875
2 0.0625 0.34375 0.125 0.26953125
1 0.8265625 0.2484375 0.34609375 0.459375
1 0.15390625 0.6296875 0.3078125 0.303125
4 0.04453125 0.53515625 0.0890625 0.11328125
1 0.15390625 0.890625 0.3078125 0.21875
4 0.0265625 0.8703125 0.053125 0.178125
3 0.43359375 0.6859375 0.25234375 0.415625
3 0.940625 0.62734375 0.11875 0.2984375
3 0.646875 0.6734375 0.1734375 0.3890625
2 0.43359375 0.946875 0.25234375 0.10546875
4 0.35078125 0.946875 0.08671875 0.10546875
1 0.7796875 0.946875 0.43984375 0.10546875