1 0.234375 0.18125 0.46875 0.3625
1 0.234375 0.44140625 0.46875 0.15625
4 0.015625 0.40859375 0.03125 0.09140625
0 0.8859375 0.4171875 0.228125 0.2046875
0 0.66484375 0.39453125 0.19453125 0.25
0 0.91484375 0.2140625 0.09609375 0.07421875
0 0.83046875 0.228125 0.0578125 0.07421875
0 0.72578125 0.23046875 0.05078125 0.10078125
0 0.6515625 0.23828125 0.06015625 0.09140625
0 0.5734375 0.2515625 0.0578125 0.09375
0 0.5296875 0.2359375 0.053125 0.103125
1 0.234375 0.759375 0.46875 0.48046875
4 0.08203125 0.63359375 0.08203125 0.1078125
2 0.54453125 0.75234375 0.1515625 0.34140625
0 0.81015625 0.790625 0.3796875 0.41796875