2 0.1828125 0.06015625 0.365625 0.1203125
1 0.1828125 0.2390625 0.365625 0.23828125
1 0.7296875 0.17890625 0.540625 0.3578125
5 0.1734375 0.49375 0.2015625 0.271875
5 0.35078125 0.49375 0.21640625 0.271875
0 0.24765625 0.81484375 0.35078125 0.3703125
0 0.6703125 0.89296875 0.303125 0.2140625
0 0.484375 0.86796875 0.05078125 0.2546875
0 0.8421875 0.728125 0.053125 0.12265625
0 0.7796875 0.7171875 0.05078125 0.071875
0 0.6625 0.68515625 0.09609375 0.07421875
0 0.578125 0.69921875 0.0578125 0.07421875
0 0.478125 0.7015625 0.03828125 0.10078125