3 0.21171875 0.09375 0.375 0.1875
1 0.21171875 0.45546875 0.375 0.30546875
3 0.6140625 0.2796875 0.2453125 0.34375
3 0.90859375 0.24140625 0.1828125 0.4828125
2 0.6078125 0.5453125 0.41796875 0.125
1 0.19921875 0.80390625 0.3984375 0.3921875
1 0.5515625 0.69609375 0.30546875 0.17578125
1 0.85234375 0.69609375 0.2953125 0.17578125
1 0.5140625 0.88359375 0.23046875 0.19921875
1 0.62890625 0.89140625 0.1515625 0.2171875
1 0.85234375 0.89140625 0.2953125 0.2171875
4 0.878125 0.89140625 0.24375 0.2171875