1 0.2234375 0.0953125 0.446875 0.18984375
2 0.56640625 0.1203125 0.12734375 0.1390625
3 0.81484375 0.0953125 0.3703125 0.18984375
3 0.0984375 0.321875 0.196875 0.2640625
4 0.47578125 0.27734375 0.1203125 0.17578125
3 0.4578125 0.321875 0.34375 0.2640625
2 0.14296875 0.72734375 0.2859375 0.5453125
4 0.26171875 0.79296875 0.03359375 0.2140625
1 0.4578125 0.72734375 0.34375 0.5453125
4 0.55078125 0.7859375 0.15859375 0.1734375
1 0.8265625 0.3859375 0.34609375 0.3921875
1 0.8265625 0.790625 0.34609375 0.41796875