1 0.14453125 0.203125 0.28828125 0.40625
4 0.24296875 0.0421875 0.09140625 0.084375
0 0.45546875 0.203125 0.165625 0.40625
0 0.02890625 0.553125 0.0578125 0.29296875
0 0.87734375 0.5875 0.2453125 0.2234375
0 0.64765625 0.5578125 0.19453125 0.2546875
0 0.89765625 0.375 0.09609375 0.07421875
0 0.8140625 0.3890625 0.0578125 0.07421875
0 0.709375 0.3921875 0.05078125 0.10078125
0 0.634375 0.39921875 0.06015625 0.09140625
0 0.5609375 0.4125 0.0453125 0.09375
3 0.34609375 0.7640625 0.384375 0.1296875
1 0.58828125 0.84921875 0.1015625 0.3015625
1 0.81953125 0.84921875 0.3609375 0.3015625