2 0.109375 0.2609375 0.21875 0.31484375
4 0.021875 0.31484375 0.04296875 0.20703125
1 0.50703125 0.2515625 0.1828125 0.334375
1 0.79921875 0.09609375 0.4015625 0.1921875
2 0.72578125 0.33203125 0.2546875 0.1734375
3 0.171875 0.6265625 0.34375 0.415625
4 0.053125 0.52265625 0.10546875 0.209375
1 0.47109375 0.6265625 0.2546875 0.415625
1 0.171875 0.9171875 0.34375 0.165625
5 0.8890625 0.53515625 0.22109375 0.2328125
1 0.6890625 0.82578125 0.18046875 0.3484375
3 0.87109375 0.72734375 0.165625 0.1515625
3 0.96171875 0.78984375 0.0765625 0.2765625