2 0.1359375 0.225 0.271875 0.44921875
3 0.43046875 0.25703125 0.3171875 0.384375
2 0.7078125 0.11796875 0.23828125 0.2359375
0 0.9265625 0.1578125 0.146875 0.31484375
0 0.92890625 0.1578125 0.1421875 0.31484375
1 0.696875 0.38203125 0.16796875 0.134375
1 0.8125 0.38203125 0.08203125 0.134375
1 0.2171875 0.5234375 0.434375 0.15
4 0.0203125 0.540625 0.040625 0.115625
4 0.06875 0.50234375 0.13671875 0.10546875
1 0.2171875 0.8546875 0.434375 0.290625
2 0.51171875 0.85546875 0.15390625 0.28828125
1 0.81953125 0.603125 0.115625 0.3078125