2 0.146875 0.15390625 0.29296875 0.3078125
2 0.53125 0.15390625 0.47578125 0.3078125
4 0.7203125 0.203125 0.0984375 0.209375
0 0.88359375 0.1078125 0.2296875 0.215625
2 0.1875 0.38828125 0.375 0.1609375
4 0.3390625 0.42421875 0.071875 0.0890625
4 0.696875 0.38828125 0.14453125 0.1609375
3 0.571875 0.38828125 0.39453125 0.1609375
1 0.1875 0.734375 0.375 0.53125
4 0.10703125 0.6 0.1203125 0.16796875
1 0.53515625 0.734375 0.31953125 0.53125
1 0.74296875 0.66328125 0.053125 0.303125
1 0.86796875 0.50390625 0.196875 0.3921875