3 0.06484375 0.08203125 0.1296875 0.16328125
5 0.25859375 0.08203125 0.25703125 0.16328125
5 0.38359375 0.08203125 0.05078125 0.16328125
1 0.06484375 0.35078125 0.1296875 0.375
3 0.26953125 0.359375 0.27890625 0.3578125
3 0.48203125 0.05859375 0.1484375 0.1171875
4 0.48203125 0.05859375 0.1484375 0.1171875
3 0.4984375 0.328125 0.11796875 0.4203125
0 0.77890625 0.328125 0.4421875 0.4203125
3 0.22265625 0.72734375 0.37265625 0.37734375
2 0.75703125 0.76875 0.4859375 0.4625
4 0.87109375 0.91015625 0.08671875 0.09375