5 0.18515625 0.040625 0.1171875 0.08125
3 0.125 0.3140625 0.25 0.43046875
2 0.4 0.18046875 0.30078125 0.3609375
3 0.80546875 0.16953125 0.1515625 0.24765625
3 0.9421875 0.2203125 0.115625 0.28125
3 0.97109375 0.1234375 0.0578125 0.246875
3 0.4 0.44453125 0.30078125 0.16796875
4 0.515625 0.4671875 0.06953125 0.12265625
2 0.775 0.44453125 0.44921875 0.16796875
1 0.05390625 0.68984375 0.1078125 0.321875
2 0.17890625 0.70078125 0.1421875 0.34375
2 0.61640625 0.6609375 0.290625 0.2640625
1 0.36015625 0.89609375 0.2203125 0.2078125
3 0.73515625 0.89609375 0.5296875 0.2078125