1 0.17421875 0.115625 0.3484375 0.23046875
1 0.46875 0.115625 0.240625 0.23046875
2 0.17421875 0.39453125 0.3484375 0.3265625
4 0.3109375 0.4171875 0.07421875 0.11328125
3 0.46875 0.39453125 0.240625 0.3265625
4 0.47265625 0.4984375 0.2328125 0.11796875
2 0.77890625 0.20078125 0.3796875 0.4015625
3 0.6453125 0.4796875 0.11328125 0.15625
2 0.21875 0.6453125 0.4375 0.17578125
4 0.19921875 0.6453125 0.28828125 0.17578125
0 0.21875 0.86640625 0.4375 0.2671875
3 0.51328125 0.8953125 0.1515625 0.209375
2 0.89921875 0.90234375 0.14921875 0.13203125