2 0.115625 0.0609375 0.19375 0.121875
1 0.70078125 0.13671875 0.5953125 0.2734375
3 0.1703125 0.65078125 0.340625 0.5859375
4 0.0875 0.971875 0.175 0.05625
0 0.6421875 0.83671875 0.303125 0.3265625
0 0.42421875 0.7546875 0.11328125 0.2546875
0 0.98046875 0.671875 0.03828125 0.1703125
0 0.8140625 0.615625 0.053125 0.12265625
0 0.7515625 0.6046875 0.05078125 0.071875
0 0.63359375 0.571875 0.09609375 0.07421875
0 0.54921875 0.58671875 0.0578125 0.07421875
0 0.44453125 0.5890625 0.05078125 0.10078125
0 0.38359375 0.59609375 0.03125 0.09140625