2 0.1296875 0.2546875 0.259375 0.509375
2 0.33984375 0.1078125 0.1609375 0.215625
3 0.67890625 0.1078125 0.5171875 0.215625
4 0.3484375 0.4 0.0453125 0.05546875
4 0.3734375 0.484375 0.09375 0.05078125
3 0.71015625 0.36328125 0.5796875 0.29296875
4 0.4625 0.4046875 0.084375 0.209375
4 0.4640625 0.2390625 0.053125 0.0453125
4 0.83046875 0.24140625 0.06484375 0.05078125
4 0.9375 0.44375 0.071875 0.13203125
3 0.1296875 0.80546875 0.259375 0.3890625
4 0.15 0.69609375 0.21875 0.1703125
2 0.80625 0.7546875 0.38671875 0.490625