4 0.3234375 0.06015625 0.12734375 0.1203125
3 0.2140625 0.14765625 0.428125 0.2953125
0 0.2140625 0.48828125 0.428125 0.22109375
1 0.5671875 0.1359375 0.27890625 0.271875
4 0.6203125 0.0421875 0.1734375 0.084375
3 0.81015625 0.08203125 0.20703125 0.16328125
3 0.5671875 0.43515625 0.27890625 0.3265625
0 0.853125 0.43515625 0.29296875 0.3265625
3 0.24140625 0.79921875 0.37265625 0.4015625
0 0.63828125 0.69140625 0.4203125 0.18515625
4 0.60703125 0.63359375 0.1703125 0.06953125
4 0.7171875 0.69140625 0.209375 0.18515625
1 0.56953125 0.9015625 0.28359375 0.196875