4 0.0640625 0.0625 0.12734375 0.125
3 0.353125 0.146875 0.4515625 0.29296875
0 0.328125 0.4015625 0.4015625 0.21640625
3 0.6265625 0.24765625 0.09375 0.4953125
2 0.83671875 0.2546875 0.3265625 0.509375
4 0.79296875 0.0296875 0.0765625 0.059375
4 0.95078125 0.12109375 0.053125 0.06015625
4 0.95078125 0.22109375 0.0984375 0.08203125
2 0.3578125 0.55546875 0.3609375 0.09140625
0 0.33671875 0.8 0.4828125 0.4
0 0.73671875 0.63203125 0.31484375 0.2453125
2 0.73671875 0.87734375 0.31484375 0.2453125
3 0.946875 0.87734375 0.10546875 0.2453125
4 0.946875 0.9625 0.10546875 0.07421875