1 0.06953125 0.06640625 0.1390625 0.13203125
4 0.084375 0.06015625 0.1109375 0.1203125
1 0.41328125 0.06640625 0.35078125 0.13203125
2 0.06953125 0.4046875 0.1390625 0.5453125
3 0.3640625 0.4046875 0.44921875 0.5453125
4 0.42890625 0.571875 0.06484375 0.16796875
1 0.70078125 0.1890625 0.2234375 0.37734375
1 0.3921875 0.8390625 0.39453125 0.321875
4 0.321875 0.74140625 0.1109375 0.12734375
4 0.4265625 0.81015625 0.13203125 0.1734375
2 0.83515625 0.875 0.3296875 0.25
2 0.625 0.8765625 0.071875 0.23828125