2 0.36875 0.05390625 0.43984375 0.1078125
4 0.453125 0.05390625 0.271875 0.1078125
0 0.36875 0.23828125 0.43984375 0.259375
4 0.50234375 0.328125 0.1734375 0.0796875
2 0.79453125 0.18359375 0.4109375 0.3671875
5 0.0484375 0.60078125 0.09609375 0.46640625
5 0.1265625 0.54921875 0.103125 0.36328125
5 0.24296875 0.63125 0.16328125 0.5265625
5 0.46171875 0.59375 0.15859375 0.4515625
3 0.79453125 0.68359375 0.4109375 0.63203125
4 0.671875 0.4703125 0.06015625 0.06953125
4 0.74140625 0.66796875 0.13203125 0.2046875
4 0.61640625 0.58515625 0.05078125 0.1203125
4 0.7875 0.44609375 0.040625 0.15625