1 0.03359375 0.2671875 0.0671875 0.303125
1 0.1390625 0.31640625 0.16328125 0.2046875
1 0.30078125 0.2671875 0.15859375 0.303125
2 0.50625 0.08203125 0.25234375 0.16328125
1 0.815625 0.08125 0.36875 0.1625
4 0.85078125 0.08203125 0.16796875 0.16328125
1 0.51171875 0.290625 0.240625 0.2546875
1 0.82578125 0.30625 0.3484375 0.2234375
2 0.17578125 0.5671875 0.35078125 0.2984375
1 0.0671875 0.83203125 0.134375 0.071875
1 0.22109375 0.890625 0.16796875 0.18984375
1 0.33671875 0.89765625 0.08203125 0.2046875
1 0.7765625 0.70859375 0.44375 0.5828125
4 0.6625 0.7296875 0.134375 0.2359375