2 0.2953125 0.209375 0.1875 0.240625
2 0.19453125 0.54921875 0.3890625 0.43984375
4 0.35234375 0.54921875 0.07421875 0.43984375
3 0.52421875 0.19453125 0.26953125 0.3890625
1 0.82421875 0.1515625 0.22109375 0.303125
1 0.9375 0.1359375 0.125 0.271875
0 0.5734375 0.5828125 0.1703125 0.37265625
0 0.52421875 0.5828125 0.26953125 0.37265625
3 0.82890625 0.58203125 0.3421875 0.3734375
4 0.90703125 0.48203125 0.1859375 0.1703125
0 0.20703125 0.884375 0.365625 0.23046875
3 0.4546875 0.884375 0.1296875 0.23046875
4 0.446875 0.9625 0.115625 0.07421875
3 0.65390625 0.884375 0.26953125 0.23046875