1 0.196875 0.17421875 0.39375 0.3484375
4 0.1765625 0.178125 0.09140625 0.1515625
1 0.50703125 0.21484375 0.196875 0.2671875
1 0.83359375 0.17421875 0.3328125 0.3484375
0 0.19609375 0.5265625 0.3921875 0.35546875
1 0.0890625 0.8890625 0.178125 0.22109375
3 0.57421875 0.53515625 0.33203125 0.37265625
1 0.89765625 0.49140625 0.2046875 0.2859375
0 0.6546875 0.8640625 0.1703125 0.271875
0 0.57421875 0.8640625 0.33203125 0.271875
3 0.8703125 0.8640625 0.259375 0.271875
4 0.9484375 0.8140625 0.103125 0.1703125