2 0.34296875 0.11875 0.3703125 0.2375
2 0.1625 0.11796875 0.1421875 0.2359375
1 0.3234375 0.31875 0.4109375 0.1609375
0 0.76328125 0.19921875 0.4703125 0.3984375
4 0.953125 0.33203125 0.09375 0.134375
1 0.21484375 0.44453125 0.209375 0.09140625
4 0.2640625 0.4390625 0.1109375 0.0796875
2 0.16015625 0.7453125 0.31953125 0.509375
3 0.42421875 0.7453125 0.209375 0.509375
1 0.71015625 0.69921875 0.36328125 0.60078125
3 0.94609375 0.69921875 0.1078125 0.60078125
4 0.94609375 0.6546875 0.1078125 0.51171875