0 0.25703125 0.29921875 0.5140625 0.5984375
1 0.55625 0.29921875 0.084375 0.5984375
1 0.6671875 0.178125 0.13671875 0.35546875
1 0.85 0.10234375 0.18515625 0.2046875
1 0.0875 0.79921875 0.175 0.4015625
5 0.54296875 0.82421875 0.1109375 0.35078125
5 0.32109375 0.8171875 0.12734375 0.29296875
5 0.23203125 0.790625 0.11328125 0.3078125
3 0.58203125 0.9375 0.03359375 0.125
3 0.45703125 0.91328125 0.11328125 0.1609375
4 0.8890625 0.634375 0.22109375 0.071875
1 0.68125 0.83515625 0.165625 0.3296875
0 0.9421875 0.83515625 0.115625 0.3296875