0 0.16796875 0.1671875 0.303125 0.334375
1 0.16015625 0.38125 0.31953125 0.09375
4 0.3859375 0.3390625 0.13203125 0.178125
3 0.61171875 0.2140625 0.584375 0.428125
4 0.9515625 0.19140625 0.09609375 0.19921875
0 0.21875 0.85703125 0.1109375 0.1703125
0 0.0203125 0.79921875 0.040625 0.12265625
0 0.29296875 0.84609375 0.053125 0.16796875
3 0.5 0.64921875 0.3609375 0.4421875
4 0.4546875 0.5984375 0.26953125 0.34140625
0 0.83984375 0.64921875 0.31953125 0.4421875
1 0.83984375 0.93515625 0.31953125 0.1296875