3 0.14296875 0.06015625 0.2859375 0.1203125
1 0.14296875 0.2140625 0.2859375 0.1875
4 0.1875 0.18515625 0.14453125 0.1296875
4 0.3578125 0.2703125 0.1203125 0.07421875
5 0.69140625 0.15390625 0.2140625 0.3078125
5 0.4859375 0.15390625 0.134375 0.3078125
5 0.94296875 0.15703125 0.1140625 0.3015625
2 0.12265625 0.4359375 0.2453125 0.25703125
1 0.33203125 0.4359375 0.1734375 0.25703125
2 0.12265625 0.78203125 0.2453125 0.4359375
4 0.0609375 0.646875 0.121875 0.165625
1 0.33203125 0.78203125 0.1734375 0.4359375
3 0.70859375 0.6671875 0.5828125 0.6625