1 0.13359375 0.29921875 0.2671875 0.459375
3 0.515625 0.0796875 0.3578125 0.15859375
1 0.846875 0.07890625 0.30625 0.1578125
4 0.8234375 0.05625 0.1875 0.1125
3 0.384375 0.3578125 0.1734375 0.34140625
3 0.846875 0.34296875 0.30625 0.3703125
5 0.06015625 0.709375 0.1203125 0.3609375
5 0.22109375 0.709375 0.15390625 0.3609375
5 0.1453125 0.709375 0.290625 0.3609375
1 0.14921875 0.94453125 0.2984375 0.1109375
3 0.4671875 0.7640625 0.3390625 0.47109375
4 0.5109375 0.83984375 0.240625 0.2765625
3 0.85078125 0.81484375 0.2984375 0.35078125