1 0.1296875 0.10234375 0.259375 0.2046875
0 0.1296875 0.34609375 0.259375 0.28359375
4 0.05078125 0.296875 0.10078125 0.18515625
4 0.1203125 0.34609375 0.196875 0.28359375
0 0.41328125 0.2515625 0.3078125 0.3921875
4 0.3921875 0.21640625 0.14921875 0.259375
2 0.73203125 0.2078125 0.32421875 0.30546875
4 0.59765625 0.2171875 0.05546875 0.13671875
3 0.1296875 0.74375 0.259375 0.51171875
0 0.36875 0.83046875 0.21875 0.0890625
4 0.41484375 0.83984375 0.12734375 0.06953125
2 0.7390625 0.68125 0.521875 0.38671875
4 0.5671875 0.5359375 0.10078125 0.09609375
4 0.6546875 0.5046875 0.06484375 0.03359375
4 0.75703125 0.51953125 0.0625 0.0625
4 0.93046875 0.59375 0.0453125 0.05546875
4 0.94375 0.6921875 0.09375 0.06953125
2 0.36875 0.9375 0.21875 0.125