2 0.25703125 0.2140625 0.5140625 0.41796875
4 0.2765625 0.3421875 0.0671875 0.12734375
1 0.7953125 0.296875 0.27421875 0.32421875
4 0.75234375 0.38671875 0.1875 0.1390625
3 0.96640625 0.240625 0.0671875 0.4375
0 0.16328125 0.69375 0.3265625 0.46875
0 0.05859375 0.69375 0.1171875 0.46875
2 0.59375 0.69375 0.1296875 0.46875
4 0.16328125 0.9640625 0.3265625 0.071875
3 0.6875 0.53515625 0.0578125 0.1515625
3 0.8171875 0.58046875 0.15390625 0.24296875
3 0.86640625 0.5265625 0.146875 0.134375
3 0.89453125 0.815625 0.1390625 0.36875