1 0.225 0.16953125 0.44921875 0.3390625
4 0.2328125 0.09375 0.1609375 0.09140625
0 0.859375 0.16953125 0.28125 0.3390625
0 0.6546875 0.16953125 0.13203125 0.3390625
1 0.08046875 0.571875 0.1609375 0.46640625
5 0.53125 0.5765625 0.115625 0.3890625
5 0.30625 0.55078125 0.12734375 0.29296875
5 0.2171875 0.52421875 0.11328125 0.3078125
3 0.56953125 0.6921875 0.03828125 0.16796875
3 0.4421875 0.646875 0.11328125 0.1609375
0 0.375 0.90234375 0.428125 0.19453125
2 0.72578125 0.5875 0.27421875 0.49765625
4 0.61875 0.615625 0.06015625 0.41796875
1 0.78984375 0.91796875 0.4015625 0.16328125
4 0.67890625 0.93046875 0.18046875 0.1390625