0 0.1890625 0.06875 0.37734375 0.13671875
4 0.2140625 0.01328125 0.134375 0.0265625
2 0.43203125 0.04296875 0.1109375 0.0859375
2 0.03828125 0.38828125 0.0765625 0.19921875
4 0.65859375 0.40390625 0.1609375 0.20703125
3 0.65 0.34375 0.32421875 0.571875
2 0.90625 0.34375 0.1875 0.571875
4 0.84375 0.1453125 0.0625 0.1078125
4 0.9328125 0.1890625 0.0765625 0.1109375
0 0.24375 0.828125 0.4875 0.34375
4 0.3234375 0.91796875 0.209375 0.16328125
1 0.521875 0.66953125 0.0671875 0.0796875
1 0.6046875 0.75 0.209375 0.240625
2 0.9484375 0.81484375 0.103125 0.3703125