1 0.0984375 0.19921875 0.196875 0.3984375
5 0.57421875 0.1828125 0.1296875 0.365625
5 0.3421875 0.1453125 0.12734375 0.290625
5 0.25390625 0.1359375 0.11328125 0.271875
3 0.634375 0.2984375 0.009375 0.15390625
3 0.61328125 0.2859375 0.053125 0.16796875
3 0.478125 0.240625 0.11328125 0.1609375
0 0.41796875 0.478125 0.4421875 0.15859375
0 0.81953125 0.27890625 0.3609375 0.5578125
4 0.884375 0.11640625 0.1203125 0.2328125
1 0.31953125 0.81015625 0.6390625 0.3796875
4 0.5 0.88203125 0.22109375 0.2359375
2 0.8484375 0.77890625 0.303125 0.4421875
4 0.8171875 0.56953125 0.0765625 0.02421875
4 0.9734375 0.64296875 0.053125 0.06015625
4 0.9625 0.74296875 0.07421875 0.08203125