1 0.31484375 0.196875 0.6296875 0.321875
4 0.46640625 0.28828125 0.1875 0.1390625
1 0.915625 0.09765625 0.16796875 0.19453125
2 0.81484375 0.31640625 0.3703125 0.084375
1 0.1765625 0.54296875 0.353125 0.3703125
4 0.47265625 0.44375 0.23828125 0.1703125
3 0.49140625 0.54296875 0.2765625 0.3703125
0 0.17578125 0.8640625 0.35078125 0.271875
4 0.17578125 0.8796875 0.14921875 0.240625
2 0.49140625 0.8640625 0.2765625 0.271875
4 0.38125 0.890625 0.05546875 0.13671875
3 0.8796875 0.49296875 0.240625 0.26953125
2 0.81484375 0.81328125 0.3703125 0.3734375
4 0.978125 0.6875 0.04296875 0.08203125