0 0.09609375 0.21484375 0.1921875 0.4296875
4 0.01796875 0.17578125 0.0359375 0.27890625
4 0.0828125 0.2234375 0.165625 0.41328125
1 0.4 0.21484375 0.415625 0.4296875
1 0.4 0.56484375 0.415625 0.26953125
4 0.43125 0.63828125 0.2671875 0.12265625
1 0.80390625 0.053125 0.3921875 0.10546875
2 0.80390625 0.40234375 0.3921875 0.59375
4 0.63203125 0.2359375 0.0484375 0.1109375
4 0.775 0.35234375 0.053125 0.06015625
4 0.7765625 0.4515625 0.10078125 0.08203125
3 0.159375 0.84921875 0.31875 0.3015625
1 0.6734375 0.84921875 0.13125 0.3015625