2 0.1234375 0.2296875 0.246875 0.459375
4 0.1234375 0.3609375 0.246875 0.196875
2 0.3078125 0.26328125 0.1203125 0.3921875
2 0.3078125 0.36640625 0.1203125 0.18515625
2 0.41796875 0.16015625 0.10078125 0.31953125
3 0.72734375 0.16015625 0.5171875 0.31953125
4 0.396875 0.50390625 0.0453125 0.05546875
4 0.421875 0.58984375 0.09375 0.05546875
3 0.734375 0.46875 0.53125 0.2984375
4 0.5109375 0.5109375 0.084375 0.2140625
4 0.51171875 0.3421875 0.053125 0.0453125
4 0.87890625 0.3453125 0.06484375 0.05078125
4 0.97421875 0.5484375 0.0515625 0.1375
1 0.18359375 0.8078125 0.3671875 0.38125
2 0.4625 0.78984375 0.18984375 0.34375
2 0.8421875 0.78984375 0.31484375 0.34375