4 0.02890625 0.12109375 0.0578125 0.1703125
0 0.37265625 0.39296875 0.1109375 0.37265625
0 0.2484375 0.31953125 0.3578125 0.22578125
0 0.6265625 0.0359375 0.396875 0.071875
4 0.7609375 0.0375 0.12734375 0.06953125
2 0.6828125 0.21484375 0.28359375 0.2859375
2 0.6265625 0.353125 0.396875 0.4515625
1 0.91171875 0.325 0.1765625 0.50625
3 0.19375 0.78984375 0.38671875 0.4203125
4 0.13125 0.90625 0.26171875 0.1875
3 0.58984375 0.68984375 0.32421875 0.22109375
4 0.490625 0.70703125 0.125 0.1875
0 0.87578125 0.6890625 0.2484375 0.221875
1 0.5890625 0.9 0.321875 0.19921875
4 0.47578125 0.9 0.09609375 0.19921875
5 0.8328125 0.9265625 0.1609375 0.146875
5 0.93125 0.9328125 0.13671875 0.134375