2 0.10546875 0.159375 0.2109375 0.31875
2 0.0984375 0.23671875 0.196875 0.30546875
1 0.38671875 0.19453125 0.16328125 0.3890625
3 0.546875 0.115625 0.1515625 0.23046875
3 0.6859375 0.20078125 0.1609375 0.290625
3 0.73046875 0.1203125 0.071875 0.240625
3 0.7078125 0.334375 0.11796875 0.1109375
1 0.88359375 0.16015625 0.2328125 0.31953125
2 0.234375 0.69453125 0.46875 0.6109375
4 0.17578125 0.75234375 0.271875 0.3171875
1 0.63828125 0.584375 0.3390625 0.3890625
3 0.9421875 0.584375 0.115625 0.3890625
1 0.63828125 0.89921875 0.3390625 0.2015625
2 0.90390625 0.8890625 0.1921875 0.22109375