1 0.1296875 0.07578125 0.259375 0.1515625
2 0.0828125 0.25 0.165625 0.196875
2 0.4234375 0.17421875 0.3265625 0.3484375
4 0.3296875 0.21171875 0.1390625 0.27421875
0 0.93515625 0.17421875 0.1296875 0.3484375
1 0.1296875 0.665625 0.259375 0.634375
4 0.07578125 0.4390625 0.1515625 0.18046875
2 0.4171875 0.48828125 0.31484375 0.27890625
4 0.31015625 0.48203125 0.10078125 0.2671875
2 0.85078125 0.48828125 0.2984375 0.27890625
1 0.48046875 0.81328125 0.4421875 0.3734375
4 0.3890625 0.7828125 0.1828125 0.26171875
1 0.85078125 0.81328125 0.2984375 0.3734375
4 0.8046875 0.82890625 0.20625 0.3421875