1 0.16015625 0.084375 0.31953125 0.16796875
3 0.16015625 0.3140625 0.31953125 0.290625
4 0.146875 0.2859375 0.22578125 0.2359375
2 0.42890625 0.3140625 0.21875 0.290625
3 0.74609375 0.0515625 0.415625 0.103125
1 0.74609375 0.28125 0.415625 0.35546875
4 0.85546875 0.16796875 0.14453125 0.1296875
1 0.07421875 0.57578125 0.1484375 0.2328125
4 0.0921875 0.515625 0.11328125 0.11328125
4 0.09375 0.5953125 0.1109375 0.1703125
1 0.39296875 0.57578125 0.290625 0.2328125
3 0.34375 0.84609375 0.3890625 0.3078125
1 0.6078125 0.68515625 0.1390625 0.4515625
2 0.87265625 0.68515625 0.2546875 0.4515625
2 0.7484375 0.68359375 0.1421875 0.44921875