2 0.1609375 0.3609375 0.321875 0.21640625
1 0.7390625 0.08515625 0.521875 0.1703125
3 0.7390625 0.31953125 0.521875 0.2984375
4 0.5015625 0.3234375 0.0453125 0.07421875
4 0.553125 0.44375 0.1390625 0.05078125
4 0.6078125 0.303125 0.0453125 0.16328125
4 0.96875 0.3703125 0.0625 0.1078125
1 0.2390625 0.76875 0.478125 0.4625
4 0.0984375 0.7046875 0.196875 0.21640625
4 0.2078125 0.92890625 0.146875 0.1421875
2 0.75078125 0.734375 0.4984375 0.53125
4 0.53359375 0.52265625 0.0625 0.1078125
4 0.62265625 0.56640625 0.0765625 0.1109375
4 0.7796875 0.68125 0.053125 0.06015625
4 0.78125 0.78125 0.10078125 0.08203125