0 0.14921875 0.0578125 0.2984375 0.115625
4 0.19609375 0.02265625 0.1703125 0.0453125
5 0.05859375 0.2515625 0.1171875 0.275
5 0.26328125 0.25234375 0.06953125 0.27421875
5 0.18046875 0.25234375 0.2015625 0.27421875
1 0.4421875 0.25234375 0.15390625 0.27421875
2 0.759375 0.19453125 0.48046875 0.3890625
4 0.84765625 0.28515625 0.19921875 0.209375
1 0.1390625 0.634375 0.278125 0.490625
3 0.21015625 0.93984375 0.4203125 0.1203125
1 0.759375 0.55859375 0.48046875 0.3390625
4 0.68984375 0.4203125 0.2453125 0.0625
4 0.61875 0.4703125 0.12734375 0.1609375
4 0.7140625 0.56015625 0.14921875 0.18515625
2 0.759375 0.8640625 0.48046875 0.271875