1 0.13359375 0.1609375 0.2671875 0.321875
4 0.11796875 0.1421875 0.2359375 0.28359375
1 0.4078125 0.1578125 0.12265625 0.31484375
1 0.13359375 0.43515625 0.2671875 0.22578125
0 0.36796875 0.43515625 0.2015625 0.22578125
3 0.5765625 0.20703125 0.21640625 0.1828125
1 0.8421875 0.14921875 0.31484375 0.2984375
4 0.81484375 0.1265625 0.1875 0.25234375
3 0.8421875 0.4234375 0.31484375 0.25
2 0.17578125 0.8640625 0.25 0.271875
3 0.384375 0.6765625 0.16796875 0.25703125
2 0.6453125 0.77421875 0.353125 0.4515625
4 0.6203125 0.85078125 0.22109375 0.2984375