3 0.50234375 0.17890625 0.15390625 0.3578125
0 0.78984375 0.07578125 0.4203125 0.1515625
3 0.7796875 0.2546875 0.4015625 0.20703125
3 0.97734375 0.2546875 0.0453125 0.20703125
3 0.10234375 0.44921875 0.2046875 0.1828125
5 0.328125 0.44921875 0.24765625 0.1828125
5 0.3734375 0.44921875 0.24765625 0.1828125
5 0.515625 0.44921875 0.12734375 0.1828125
2 0.13359375 0.7921875 0.1421875 0.415625
2 0.10234375 0.86015625 0.2046875 0.2796875
2 0.3921875 0.7703125 0.375 0.459375
2 0.9046875 0.46171875 0.18984375 0.20703125
1 0.69375 0.78203125 0.23125 0.4359375
1 0.90390625 0.78203125 0.1890625 0.4359375
4 0.9046875 0.79296875 0.18984375 0.39453125