3 0.0921875 0.22734375 0.184375 0.4546875
1 0.5140625 0.2296875 0.428125 0.459375
3 0.15 0.553125 0.3 0.190625
4 0.0453125 0.553125 0.090625 0.190625
2 0.5140625 0.55390625 0.428125 0.18984375
1 0.8640625 0.10234375 0.271875 0.2046875
3 0.8640625 0.4265625 0.271875 0.44453125
3 0.1984375 0.70703125 0.396875 0.115625
3 0.678125 0.70703125 0.10078125 0.115625
1 0.1984375 0.88203125 0.396875 0.2359375
2 0.5625 0.88203125 0.33203125 0.2359375
4 0.56015625 0.86328125 0.0484375 0.05546875
4 0.5875 0.959375 0.09609375 0.071875