2 0.1765625 0.15859375 0.353125 0.3171875
0 0.43359375 0.1984375 0.1078125 0.396875
1 0.06875 0.4328125 0.13671875 0.071875
1 0.2234375 0.4578125 0.16796875 0.12265625
1 0.3390625 0.4578125 0.08203125 0.12265625
1 0.7546875 0.259375 0.490625 0.51875
4 0.615625 0.08515625 0.134375 0.1703125
2 0.13828125 0.58984375 0.2765625 0.1421875
4 0.35234375 0.88046875 0.1546875 0.2390625
3 0.62109375 0.66484375 0.2671875 0.290625
3 0.87734375 0.66484375 0.2453125 0.290625
4 0.93125 0.66484375 0.13671875 0.290625
2 0.62109375 0.9046875 0.2671875 0.18984375
1 0.87734375 0.9046875 0.2453125 0.18984375