2 0.328125 0.240625 0.38203125 0.48046875
2 0.58984375 0.14765625 0.1421875 0.2953125
1 0.83046875 0.14765625 0.3390625 0.2953125
2 0.58984375 0.446875 0.1421875 0.303125
4 0.878125 0.434375 0.24375 0.278125
1 0.12890625 0.79921875 0.25703125 0.4015625
4 0.0796875 0.8265625 0.1203125 0.18984375
4 0.1859375 0.9375 0.09375 0.115625
4 0.15859375 0.7015625 0.15859375 0.20703125
3 0.38828125 0.79921875 0.26171875 0.4015625
1 0.75234375 0.665625 0.46640625 0.134375
2 0.66015625 0.89296875 0.28125 0.2140625