0 0.3953125 0.15 0.228125 0.3
1 0.140625 0.44453125 0.28125 0.28828125
4 0.02265625 0.53125 0.0453125 0.115625
0 0.35546875 0.553125 0.14921875 0.071875
0 0.490625 0.44609375 0.03828125 0.0890625
0 0.44453125 0.47265625 0.06953125 0.08203125
0 0.34140625 0.49140625 0.06484375 0.1078125
0 0.29296875 0.5109375 0.02421875 0.0984375
0 0.7546875 0.29453125 0.490625 0.5890625
3 0.0765625 0.73203125 0.153125 0.2859375
3 0.33203125 0.74609375 0.35546875 0.31484375
1 0.6375 0.815625 0.25625 0.36875
4 0.6078125 0.9625 0.196875 0.07421875
0 0.88359375 0.815625 0.2328125 0.36875