2 0.28828125 0.09375 0.34140625 0.1875
0 0.7296875 0.234375 0.540625 0.46875
1 0.2296875 0.734375 0.459375 0.53125
4 0.16328125 0.728125 0.12265625 0.1703125
0 0.75703125 0.84453125 0.3609375 0.3109375
0 0.53359375 0.8328125 0.14921875 0.2953125
0 0.88828125 0.62890625 0.071875 0.1296875
0 0.82421875 0.62734375 0.06015625 0.0796875
0 0.703125 0.6140625 0.10546875 0.0890625
0 0.62265625 0.640625 0.06953125 0.08203125
0 0.51953125 0.66015625 0.06484375 0.1078125
0 0.47109375 0.67890625 0.02421875 0.0984375